28911
37197
38967
47189
51019
56328
61294
86002
92051
92557
128743
143247
146091
158646
171469
177852
185281
190474
196082
205687
220793
229448
242885
249049
257959
266082
267254
270591
291282
294108
299167
303213
303389
313672
316804
318208
328366
358819
375886
381000
391232
391692
401875
407416
423151
450017
478535
495958
524239
525104
530151
532469
533483
550075
553917
556455
560196
565546
569633
570295
573673
596140
625537
626688
640122
649931
652292
652480
658909
664510
674512
703723
727305
754558
759517
792934
811429
817144
837181
838884
850835
862628
871740
878929
907454
911319
913958
917799
931430
939687
943766
956247
975748
982000
1000179
1020452
1032350
1041184
1045839
1046167
1059122
1077669
1082437
1092514
1097454
1102550
1109845
1125661
1146730
1167487
1168144
1173620
1174234
1182755
1194459
1203182
1224472
1233414
1252067
1258950
1268675
1273571
1274503
1286670
1287970
1292141
1305067
1312685
1318297
1327902
1342931
1346186
1352955
1362726
1370981
1386207
1394360
1418681
1420013
1420620
1447628
1454286
1467670
1470240
1484818
1486449
1489239
1490900
1504476
1523273
1523316
1524451
1539324
1551219
1569089
1582355
1587240
1606972
1608200
1609820
1617286
1656104
1658083
1660023
1671912
1697164
1699212
1704163
1717723
1718067
1741692
1743964
1756626
1763258
1769295
1776508
1778847
1782770
1792209
1797778
1805881
1807053
1822456
1829931
1833859
1837060
1839356
1847570
1848112
1853940
1856524
1878478
1888754
1902997
1912948
1938495
1950422
1953190
1964411
1977737
1994211
1994261
1994498
1998001
2002625
2005492
2039637
2048019
2065817
2077273
2088419
2091890
2109983
2111211
2113295
2123676
2159282
2165448
2183731
2185737
2191657
2200181
2231047
2238756
2250369
2260744
2282558
2282577
2285148
2289566
2300241
2307000
2311495
2315371
2319160
2320098
2333037
2365296
2394979
2410479
2430644
2435307
2454376
2456190
2473433
2475314
2481216
2488411
2492157
2500324
2505165
2529097
2542625
2546718
2558002
2567049
2575424
2584216
2603493
2612747
2663882
2681324
2691604
2696663
2720825
2724659
2737928
2772007
2788066
2829618
2865911
2882722
2906670
2913434
2915896
2963092
2976161
2982559
2982751
3005183
3021358
3036104
3048022
3074279
3095592
3096484
3098960
3108806
3120358
3121010
3124373
3136939
3141153
3161305
3172363
3174494
3182626
3189193
3196839
3198782
3209100
3215941
3233659
3261792
3262940
3286398
3293747
3297274
3297800
3312986
3316584
3323780
3325283
3326979
3327440
3330494
3343498
3356876
3364194
3374480
3382953
3392807
3396255
3402982
3408485
3415824
3424191
3436282
3442460
3467500
3469622
3470034
3475654
3481193
3499907
3521086
3527512
3543511
3544935
3557464
3576452
3591080
3613382
3614899
3615766
3622490
3636730
3651394
3659739
3665036
3669538
3701621
3716952
3724309
3757409
3760516
3773355
3775140
3775266
3783892
3797680
3848825
3852638
3854746
3875798
3881342
3908963
3910702
3914033
3959246
3971496
3973411
3975206
3976992
3995670
4002992
4003924
4004338
4016892
4022383
4023325
4035239
4036814
4043283
4048544
4049384
4053230
4067869
4074697
4078860
4086986
4088904
4107619
4113173
4125043
4128443
4132936
4137595
4171164
4189086
4189467
4192501
4193430
4196474
4215954
4218639
4233297
4240287
4240919
4250443
4280146
4306855
4308120
4311664
4316997
4324649
4325183
4363314
4372274
4375030
4381420
4396323
4407969
4411718
4417140
4424875
4454325
4462350
4486402
4494725
4500236
4501142
4511854
4515406
4525847
4536095
4549854
4552813
4559107
4565871
4620967
4623825
4631428
4632057
4654059
4656794
4656874
4660906
4686425
4690452
4706330
4710326
4720130
4753480
4755166
4758953
4771477
4789172
4801288
4815680
4837907
4842977
4844148
4845507
4845839
4847336
4850557
4851902
4862400
4878547
4896867
4926633
4931977
4942801
4950206
4950303
4957606
4959008
4985799
4990145
4994953
5000049
5000378
5033073
5067826
5072680
5073679
5092490
5102202
5110453
5114267
5119867
5131927
5135051
5135889
5156718
5172700
5178182
5189740
5209734
5212604
5216434
5224707
5231614
5238817
5245757
5247505
5260360
5270201
5285475
5286091
5291607
5296434
5319296
5321270
5322165
5330794
5331761
5352921
5359283
5359742
5362884
5378666
5397993
5398587
5422323
5427764
5431979
5457123
5458029
5460579
5465690
5467071
5471691
5483116
5496545
5503187
5508947
5518432
5529567
5536187
5537987
5538059
5546580
5546781
5547829
5552429
5553309
5561874
5568252
5572731
5578942
5580938
5581345
5583327
5585719
5592006
5595481
5615978
5616480
5625953
5627014
5643743
5647783
5652464
5657674
5671960
5675754
5678604
5687657
5691397
5701770
5708044
5708482
5711791
5736474
5775908
5787139
5794977
5796368
5816700
5821083
5823054
5825010
5847863
5885820
5895386
5909955
5915752
5921814
5927002
5943418
5950116
5950519
5957960
5969052
5978166
5987425
5989376
5994413
6013011
6016352
6029387
6034064
6042064
6048269
6054373
6063703
6078601
6093759
6098627
6100030
6111469
6123959
6151553
6201264
6218315
6224852
6227943
6235569
6238589
6240815
6290078
6298197
6298494
6300395
6316051
6323354
6334111
6353726
6371256
6394745
6401839
6420065
6427515
6427907
6435458
6438054
6447672
6470165
6473927
6493541
6506729
6518771
6533262
6535498
6566342
6590940
6595960
6598553
6605561
6609885
6612658
6621830
6628472
6633595
6640926
6668653
6678035
6686815
6690078
6691805
6696436
6696533
6716992
6758799
6782150
6793131
6796753
6800760
6802789
6806971
6823463
6842013
6853534
6855944
6862628
6880986
6886098
6889281
6907879
6914820
6915508
6916969
6917239
6925960
6930754
6942776
6951011
6953090
6958247
6961167
6985662
6991392
6999255
7006031
7009830
7010470
7011080
7018728
7021675
7023308
7047896
7047919
7048157
7053782
7055348
7063368
7065498
7069265
7080941
7087953
7095899
7102461
7139845
7151167
7151732
7177664
7193222
7197817
7208890
7212988
7221376
7227620
7236283
7237138
7237303
7244603
7259407
7260625
7275069
7305698
7326382
7340508
7346319
7352724
7357562
7363209
7373938
7378809
7408629
7409748
7415481
7425026
7429009
7432526
7440244
7443612
7447718
7452985
7462687
7471448
7481197
7484683
7499144
7502195
7502957
7507634
7510348
7516194
7520113
7524796
7530577
7532674
7551838
7569403
7588037
7590676
7597884
7614955
7616913
7638537
7641912
7674357
7682934
7696053
7708723
7727698
7758337
7759277
7777656
7807320
7809458
7818862
7829447
7835846
7844566
7862200
7867978
7868474
7875765
7899290
7903881
7907824
7910576
7928526
7942075
7942126
7943595
7945722
7952739
7962701
7970478
7974108
7978450
7987923
7988212
8009511
8013199
8015360
8042452
8069067
8080125
8084288
8099854
8102104
8107166
8114950
8134095
8159495
8184527
8186254
8190834
8216561
8216692
8223441
8238839
8251317
8255529
8262515
8262564
8264218
8280992
8285778
8289484
8306680
8318437
8320027
8339323
8345435
8348117
8349227
8363838
8368392
8369655
8381886
8385768
8411270
8416170
8416907
8439958
8468322
8492614
8515000
8536083
8543507
8546961
8563001
8570395
8574774
8583163
8583831
8607388
8608183
8613097
8623260
8623543
8639559
8643629
8646700
8673990
8688015
8689632
8700355
8726061
8729692
8732644
8760090
8761998
8781571
8794149
8815426
8817117
8817127
8820693
8854972
8919976
8920435
8931748
8949600
8951279
8999725
9011785
9012771
9049669
9053089
9057803
9098317
9105073
9111845
9124279
9126405
9128147
9128592
9128922
9139559
9143797
9162130
9188745
9198036
9209995
9216581
9217110
9223152
9223985
9228140
9238539
9248287
9263369
9269809
9270970
9286982
9326805
9330984
9342111
9354195
9365486
9368222
9369838
9374320
9375344
9390237
9400356
9412690
9417348
9424424
9428137
9430056
9437094
9443842
9470049
9481896
9488621
9492112
9499567
9506856
9515285
9515849
9535657
9537284
9541364
9571994
9577672
9590781
9598974
9600909
9605896
9611147
9617894
9630274
9630817
9631914
9633891
9641294
9659814
9664525
9667535
9694241
9694517
9716435
9753085
9754760
9762061
9765988
9788592
9794189
9798191
9799090
9801328
9812593
9814004
9815930
9839776
9840401
9850097
9850189
9862223
9862561
9864383
9873248
9886043
9886784
9894387
9897218
9907417
9932199
9961661
9972289
9975511
9998300
